image: turtlebot3_world.pgm
resolution: 0.050000
origin: [-50.000000, -50.000000, 0.000000]
width: 100.0  # Testing
height: 100.0  # Testing
negate: 0
occupied_thresh: 0.65
free_thresh: 0.196
